//Escopeta da Alvorada
dimwishlist:item=2591111628&perks=4090651448,679225683,1556840489,2360754333,2697220197

//Codigo de Ignicao
dimwishlist:item=304659313&perks=3798852852,3301904089,3161816588,4049631843,1154004463
dimwishlist:item=304659313&perks=3798852852,3301904089,3436462433,4049631843,758092021
dimwishlist:item=304659313&perks=3525010810,3301904089,3436462433,1546637391,1154004463
dimwishlist:item=304659313&perks=3525010810,2822142346,2010801679,4049631843,1154004463
dimwishlist:item=304659313&perks=3525010810,3032599245,1556840489,3523296417,1154004463
dimwishlist:item=304659313&perks=3798852852,3032599245,1556840489,3523296417,1154004463
dimwishlist:item=304659313&perks=981914802,3032599245,1556840489,3523296417,1154004463
dimwishlist:item=304659313&perks=981914802,409831596,2010801679,4049631843,1154004463
